3250583365
3252703534
1414196645
2910018628
3215532955
3260798678
561385854
538087945
3766250970
4040339649
3937101929
2778104505
4019246434
2913100985
3104163980
783387006
2936767606
88273099
3405891391
3870665361
3974223168
3698301194
3953684369
3735444524
3565431857
1801585016
2035576851
3924469860
3263157047
125119895
3476399565
2371051545
2367870264
3257823540
3738797335
3256907348
1152117300
3250314528
3806735808
1291932376
1541647132
3683474037
4036409893
3774340630
4049161978
3670812696
1965155944
3260924732
3253004993
3932820466
3831448587
2993820637
929705621
3936599117
4043422775
3258096601
4033191611
3002852922
3275017951
3861892858
1114018673
3251890602
3260563689
12470526
796010800
93031415
1308119634
3823183040
3964350895
3259484550
3258200733
3715507076
3256626337
3260221555
2552261391
3860527712
409890099
1079367836
782719742
2523160741
2024111031
298258822
3256030152
4004934510
728410950
1159188774
3432724506
324247097
2023934735
1565931283
2718557267
1692472647
706609586
4060872011
12335904
248112737
497910828
1826904594
3246785112
2493892861
3246488513
1028804725
4044926007
12271592
2849526252
2537210268
3263926649
3834093004
4025952208
3813969835
3261325973
699894433
3257572991
1058527291
2564511384
3459830371
1216943748
1665690387
2302751203
1297414168
3740572350
3248487356
1113163392
3893093108
3181792923
816962117
3260689640
4004468897
3255555642
4045072318
4005396584
3260580984
3260840032
346422875
1763750531
3260847231
3501008905
1601936419
1312722987
3219890029
3299278153
3262955978
1227202952
4064958613
4043759198
3699072701
2282408351
2995855419
1791393380
1523240306
3925034845
3250105125
2282413358
2033449337
1717205670
3253255459
4023710245
3566421397
12237235
1959343291
3252577514
149290866
3251066398
2822178161
3261634903
4038054006
2369778056
3671198027
4036740898
3258036059
3747062425
3947640719
3263105449
3250102049
3257706062
3952732802
303729528
2252913736
4033789648
4052424836
3168563657
3257699049
3866571838
3260966314
3142722064
3258028122
3143148670
3252419189
2634947237
913407576
702309082
2472030186
4066264103
112951461
3260577995
3629324604
1670078752
452248956
562274951
3261118167
3256848202
530322657
3261456918
3261517269
1462657567
1779112921
3345126235
4045778627
2840039915
2667306212
3548993371
221819277
1635506397
3719801712
3516026166
3260541800
3821077122
705919394
352807704
1314944872
3458883442
3928599761
4049035868
3910252874
2389621472
3673531893
3262997578
43896031
3262697860
3262699480
3704028058
3243529932
259247623
2481314374
3950628673
1104025189
3950329872
84864991
2965120894
3110002032
1571280123
4048699160
3565266567
2838326529
4055380103
4063374757
1477082481
4061030934
3263752104
3790547951
3255103019
2346298743
12793271
1380547453
2371291404
2225220161
3254818921
3256706403
3999775260
3337837446
302586369
1392210149
2715042702
3973898067
4013752133
3999340776
1566997872
3923835339
3968214550
3251922619
2633537481
3263069375
737245155
4039162372
359552482
3931170659
1859488297
1081266933
1326885690
2760349998
3926529096
2227863914
1102573710
3642417687
2555536123
1411813891
120007424
2389518821
4001750057
1206719765
2605552273
4061330208
3840511497
3704687584
3821094726
2706806813
3257095860
3256643397
3254062610
3255117791
3258658280
3263822267
3247175077
1273975059
3903517349
3258655208
3250582013
226423148
1476461609
3252096129
3251600519
840714580
1271199399
469970729
3069491649
323909636
3262701636
3256328205
2354004143
523149038
1598529678
3262354918
2544353208
3981137232
315730873
2686544417
3030106028
1959308097
2882213587
3985592319
2676792244
3429879817
4015541265
3881527641
3791951182
501476728
297653033
4034268085
2891220220
3781408863
3261032171
3252181156
4036959293
977370803
3249265597
1197452736
3645702624
4023640135
481581173
4025561943
1959909071
3618911132
3797668988
3253047344
2838936631
3866245564
82652
3998445356
4047708009
442168812
4056905869
1538279133
783882299
1720055896
4064920287
2571459116
770602928
1390443200
4055656964
2526075225
4037720001
1615912671
3255156948
870077694
3787789713
2341646201
2766732115
3511408412
3260962993
4039254796
2740337076
1789239503
2772106446
3412411860
3250415949
3846903725
3652895929
3259328427
1959337679
12400435
3246486347
3957744725
3260939785
380052023
3791717283
3263811379
4030920621
4027649867
12866056
12549704
4034981388
1255096236
3260932645
304353815
11970170
3258014582
3301859463
4054205862
3224140371
2638870446
13053941
4073466082
1062161171
2653018099
3821112793
2449535543
200001989
3211786177
3184971652
3672246376
244279713
3323080737
3429862597
3261319739
1582557025
3496918900
3250545869
12105648
4015542894
1322344642
3943221070
3257778253
4028659188
2400689226
3277436201
4029115265
459358753
3495504180
724086424
12151813
1096252914
3252143438
1318071629
3575731038
2315405958
1181971539
3621151819
218631065
3790755191
1929164849
540394670
1457725444
1203810981
1292074509
12865709
2535113688
4072765054
3258068670
12903390
162120049
3645469795
874000325
857140232
12485713
3752691679
2644749863
4063711162
2459803349
4049250716
74695598
4010475976
12258649
12581884
2835928375
3736722910
1403498718
3260042131
4057518833
3836473690
3830467312
4063716294
4065538992
554573650
1117255225
3260931625
4053063725
100859006
3254728668
3707543787
12129287
3261113512
4037589034
418064198
3253254448
3253583049
3255394154
1438104550
2855682968
894171102
3253374829
3252111801
3257194913
247437860
4037103243
593469561
3051686953
3258258722
2301057629
4020197508
1298622677
1041493745
3263578371
1458970335
3206293502
4003364832
1554518929
2267285274
1121906688
3342246961
1290568888
1241226437
4073604744
4029116671
557600458
4051633838
3312725184
12148992
2556510124
3431444830
493459328
2820352944
3640105979
2768911760
11921958
399303500
1194237082
1625523402
4075627780
4046783797
12914633
4075629473
1808060886
1591924053
3821135471
401770592
3901217513
3673394067
291107720
3261230734
908500757
91002212
290517236
3777828279
13066593
4075625502
4075626272
3259990115
12654713
3673416280
3679533781
1606824911
240035339
1835234871
3708629219
4028794156
759328535
4075624480
1284929709
265912523
3811717010
581452791
103861015
1230080555
3257769005
3252582455
4015393150
3250745842
12207942
3992536737
2719971734
4076985982
3252602819
4073978280
3806484945
3554782634
3969302157
2811691117
3923650133
1831085800
1510673295
231964277
230932089
3666292146
3726239620
3823026817
1377999784
3118217553
3261554124
3263810553
3259964514
2414816300
4029989793
3198186745
3252020751
666510989
4029994213
3262742855
4055358591
4071603862
12406431
1636107900
3953557461
2661837848
2615032057
4071006667
12817348
859677768
3721405378
3782404121
3751260789
4004428840
3231362284
3777697040
4030579494
2800734641
4068906134
4009323979
3299835711
3799352485
1955168472
2002347401
3265807259
3260981468
1004050043
3770835531
3693277128
1224599306
12800590
772461881
3295610269
3969079805
2755442332
1996837487
4075264546
3256126640
3257780897
1915665646
1574054144
3371842305
3901229537
4078821519
3062471632
4002429830
222441722
3258006571
3261033249
3261100365
3252794995
3777857494
3531870374
1970875490
3801306960
4076100470
4078797604
441605800
3282754698
3261034010
3249520777
1725167987
3263344634
3963949431
3258085652
3834203209
3251972589
1036012190
1856939480
3890544259
3253728431
659342897
3263344756
3261723262
3389468164
4052356124
4063093085
11987309
3418637918
147539764
869086895
2763966401
3263452775
2634581065
565857029
3257429524
3895368803
4025228866
11721344
1960985937
3635736546
729371015
450347795
12263500
3251072736
4018727764
3339887832
12713318
2718184384
1472448610
125327686
3257703603
4038024803
12640446
602877657
3252987066
1214146545
3263862818
317025109
703946183
2430840364
4030789826
1397335859
3702990051
3259797536
3263190859
3789757444
3713675626
928942334
4632155
621870995
3262876146
4078367900
12040220
3259705625
3262705782
726797378
3263066484
2790138668
3247738869
2346336022
2219086821
3255965733
2341656730
356190658
3257442016
2430834641
3579777671
2215013811
2047502700
2770011514
3964338525
3253377341
2028026085
2761976711
3263819288
2051696652
3256610411
4076992423
3536633393
1085668584
444680458
114025357
1585286107
1466996606
2742112688
964944754
4073734965
1146416630
3975572145
707085073
4081947683
3984342515
3263898888
4078773598
877063484
3259820766
3261221071
3252175293
2314163667
1237751
3257678184
1188953288
67544307
273407121
3702915868
670885575
3886712081
12645143
330040014
2227026986
2544366089
2346305554
3252786508
4080816455
3414987876
452965452
3397731036
847267282
3261003661
3933551040
733286455
3255765899
1705608227
12267227
2845967072
2380457780
3023962027
153897366
3937014931
4082512693
3255986629
1185951851
3262997315
4018798571
512990539
116539692
783797478
2865699465
2322055493
3706672813
3183791200
336044712
3263658803
546976170
3254501524
3263007086
3728714702
4018801044
3261116676
4025552532
3616225611
3262781135
3873110159
4018802749
2331820106
3253889488
1422022854
2385797325
2678024718
1746419381
2273217259
4018804102
4056881754
2470924518
2231711973
4079666233
1880493065
3253816527
3259521661
1001313939
3255748616
390782708
1543845464
2449252308
682384144
3258165603
1348161290
3263436878
3261136371
4018805484
861508672
41952679
3258207737
3295025780
980330099
914347878
3164445706
164443074
516722758
3263818158
3252681459
312270085
3253883528
3255668159
3363401000
3262534752
4020520300
3260871658
645012931
3253282078
1999981777
2696862503
3255481511
3781887564
3254449898
4030282026
3895052206
3260966971
566284130
4043485737
2392352269
3405296821
3714810121
3544080815
175495531
4078872496
408464192
3255875611
887857114
1437182055
1441979197
4028720526
3153163275
1726300137
3255417072
3252089756
3725467594
3262047523
32776089
1417775773
3767281793
4060600700
3252999125
1763515600
12413062
4083762216
3256111179
3717173818
3690848552
12128062
737005306
3260973225
2684653494
3261111328
3261736464
1801301
1811064409
4065472880
3817831960
1573648794
1847759771
3030017344
140918358
3296106457
2688297131
3230015782
1912202997
12680028
12589686
3272955973
2274874091
4051213682
12270938
12915557
563871902
1158571172
2912714059
800264910
3940447428
3251878639
3255397714
3616533414
926093124
251993
3558340399
3936699858
3257004078
12339957
2439826599
3782574186
3785489182
2533735352
3008374537
3782514754
4069888069
4064386432
1885539763
3929444745
1664213995
1030454117
400461293
4030787378
4049491794
588107247
2218757453
3115079179
3255737206
3261509543
1992312412
1201850260
4078825248
3790559438
3384212656
4067284316
3257206591
1432348595
3252837148
4061586671
3255482458
1446312429
3261296020
2448481590
12074973
3256003779
4068183034
1662860326
3864613348
3263629822
3258513770
2291784447
858270875
12302885
1528398235
3709261856
3259839195
1125112072
3191054746
3261332574
2851003686
4047993535
3127235110
97249211
159499914
81144675
2367201011
1566170675
1063056725
112638268
167759873
3906699359
172604124
553850063
32794444
2977241317
3263851100
3261291441
3760674795
3230450681
98235576
3262005213
3255871825
2668360415
1341624982
21755
238998646
3263096811
2739281057
3263402123
1239778338
3842025430
3256042893
3257002465
1478179621
578483125
3993669800
3820899089
3262599907
3434246203
3263079637
2430838886
2015970385
83682505
11991267
1049697359
3782534752
3252792468
2492986253
12337199
3261267497
3464541498
3258204550
110981315
172359981
3447011928
3527912645
2379929636
4078154923
136355800
2470585269
1528787819
3808082238
3854940699
2974838496
3502587256
1289364751
1734540995
1278563147
3255384154
2770850751
3852339504
3258229305
1917442801
2730781377
3552250033
3293182811
3572843903
4031742631
3105587170
2641171788
3260749590
3261103510
3562596000
3246483363
3260035788
3215512783
3261010388
594665571
393694140
782789737
2819184178
781972459
3255497039
1464814300
386388573
3261295421
4009786054
3250745015
3250297600
3256032475
12774445
3258283671
3249460828
3252648360
3252637505
3912030573
3261232028
3473847042
3854938262
961881238
1482062309
2337199646
3947592251
3977713807
907148405
1910713592
32466171
3852643719
1836098030
4086779099
3261317747
3107971115
2888971691
2522163191
3255163271
3255851658
3261999751
3255227387
1954521719
12831979
1313108693
3054449009
2829978887
3611157421
3770357305
1062110942
3977423215
98756134
566866924
717335283
2799622676
12130029
1873189272
3991038775
4064058577
3261102101
3260979512
343101614
1729712745
3263859768
75239657
1970233924
61501846
2873918004
4043487108
3967645748
2299467825
2622236168
821788097
3563748545
3801756469
4031292139
1142382093
12402897
991307045
1705231824
1859522495
3262711992
3512794381
555386698
3935945125
3258209976
1301023893
4035634888
2731544340
3793404854
1329552332
12327231
3256649265
1642402503
782388439
1191355592
3263884549
3262008604
3486190894
243845770
3781472384
3450359072
419072224
4092851861
3166359805
2703188488
3247427455
2672691745
2456055419
1939569933
861469731
3261005938
3515838132
3261009019
1157107062
1582636305
4061501402
1187307237
3635088305
959156882
3255378723
3212113188
3981021091
4068406074
3254985943
193388279
973014038
3660238859
3751317279
2584642289
378526557
1588570290
3263016263
2216295099
4085841090
77800945
318620883
3938347274
2767485096
737359290
1608778431
4008238764
373918499
2952778147
3967394893
2302718378
4088981783
3259313420
707992694
2943671
3928910232
4094183807
3261368329
2543305609
2432655232
4085757925
2632993045
1104630211
783492220
3962971323
242041057
3599968792
3280735824
441821755
4037374603
640249130
1641902099
235716971
552256423
1221112078
2513807942
3440138477
1645917758
3782213719
2246583607
3470543319
3876693817
4036267442
829076062
4034724535
1959285717
1314719041
4087934846
1575741549
856074038
1121877590
4029986675
3254977599
3405533006
3261025281
813458001
3977435937
1344467820
1684126847
692267484
3924546663
4026937284
2061520988
1939903712
4093459765
2620106244
3260018782
3261454956
3977428910
2325513127
3258370274
4017215767
4087844552
3504017339
1053665622
1843054713
3433688700
2878995216
3990194632
235141695
4067931285
783142918
607248103
2282422699
3961865996
3262940961
3055292646
4071527778
3261500087
3169638917
3258573586
3610275333
3432024742
3519498259
1807428616
177971396
2730852708
3259326254
3706618833
3262908280
3580603949
3490273175
2485848595
3431072684
3042182805
2821208963
1243312081
4095380814
1374074646
3261376165
3247105269
3661993156
2952885215
3275132693
1073587540
2762333115
3254041215
1265689904
377931394
3493234413
268459734
11995115
4091239795
4017010139
4063523477
1511012243
987235852
12223750
3066580577
2726478354
3255812906
4073620091
2292085729
4053716190
4029997165
3261059360
3257176389
3261228548
55797900
1339122376
946498105
4091259616
3221255166
679260964
3984218157
1470586661
143336463
899638854
927820699
1926624583
2974021087
4035531640
4093234145
2629728180
100678449
2396183127
13084971
3852347957
3978578494
669771768
910177590
2246005712
1963569296
3977415556
12263438
4076647169
2457115696
3252721194
3709591945
3192182230
3256070821
862457354
621240868
3256043650
781172040
3852342676
207889436
4082237736
3855858266
3854935427
3111372488
3321177840
3870409322
3262026836
2259826811
3264066424
3262715247
878190219
503946657
2767428300
3860496663
737120755
3984343502
1166565833
2236578819
3258547853
3111307789
3255753017
3233327052
4099172212
3051785982
3377337326
3616895903
2598459041
3817151348
3996497860
3253322664
3261940889
3985877135
3261115623
3560634408
3253868327
12147863
2655411370
3383242471
953888402
243200404
4013101154
57739277
3073971043
1599887995
3172140773
4085343282
291215644
3727395014
3263945978
175350608
3854932881
3253217795
3461047927
4061584398
289530995
2447463950
3027652116
2449498947
3267630230
4085832865
3263749275
2717057667
3252795029
12404507
1150987216
652224896
2911454292
2272792108
3256058874
1687707906
4006827908
3263009704
3261278683
782087843
2030081290
4077389365
3573298852
3057569905
3262064350
1798960680
2240234459
4030004583
1602173722
1543157958
3997933973
1033754641
2464631169
1480560303
2433849454
3291205817
3190829500
1235631970
3252685887
1141629725
3250781170
1030438938
736869043
3258169918
3254738788
3729466110
3645672774
1231697691
1823242473
3967761255
4094181896
1830163969
2263719131
3566548501
2815551171
3259711212
3256122011
3261508087
3826122224
1569945149
3839197177
1631165476
653101771
3817161650
3817162736
3373567465
3261730869
3258496858
3817173288
4030001554
3817177760
2898060740
3261304099
1257466420
1806819939
944197048
1633569862
3891500749
3701273349
90370939
2337292998
3362227758
2521384643
3258921163
3365601857
416045117
3402143173
2656344219
2720023521
3762438462
1032230951
1133047974
1519530798
3299771886
3148055950
407205522
3377400776
322469212
5104657
920403468
3738937730
448798500
2009612852
3566954730
2708076414
144331048
311772963
158958974
1884154879
1988839491
388063130
3204724036
2804700627
2730418451
3908828473
3256010161
3933768800
1513320561
2852397813
1558538924
3080212975
1364531586
2067578857
3306727335
527595549
569409974
3951410294
733953550
707035323
1796470264
1964269769
3692729774
1126020287
3817181612
224373164
3250085147
3253560876
12454597
1613414183
783791337
4115002684
2217448345
3254835886
4023807548
100771767
4075336015
3733146053
151789197
47983795
4020059537
3817192101
430735112
2670112292
404997897
275435064
4112845665
1983456633
3705538971
4080440123
4112573837
1298104808
229932951
199100149
1281461274
3519535857
243695053
1244831562
2052131800
234478043
1169522011
4039724770
557381764
4112344165
3817186882
3749902443
1720881725
1437367282
2288916713
4062285055
682875914
1041947317
924173319
1119171023
1146612709
429854656
231977260
3438111144
1965103810
2587055628
3966573001
1194028712
1652594040
1537436463
4086349526
543311540
4085581079
2729767475
3760831475
318517636
1928768763
1610025724
3694346092
2725103412
3141595619
431151088
3257656359
3760325272
1829639653
2981125896
2460920680
463316888
4120461624
515166991
3249763580
1903893100
319196063
87304428
447927174
3989369406
4120464307
2364102857
2030415012
2327771633
496541240
3871786397
12643506
12177633
478606283
212271313
2931793965
2996495684
682522531
3869577049
4105549789
3461822178
721414285
3186549277
1533853240
433059746
2483554370
199891459
783372643
3665637641
2355747063
2953800444
1268276421
359542535
3463362806
3801096361
3899029347
3817197564
4068333469
3909125801
3059545793
1962912686
3788328441
783476902
98402096
3601020211
2888079313
3599440069
4045521705
303534824
2443588177
722167767
4125318922
3869583539
4119812026
2879177622
3869574699
2451448416
553124045
973024272
3932691699
1307218040
3584936626
3143337837
577541200
1637539362
1518020584
2643989751
1518031381
1402742187
4126699153
3251476140
2371517310
3256857298
83651429
3231899547
3927088429
968655730
2741164860
1200313331
3413552652
2900358211
386011668
1055398883
749874253
1300049131
2653816463
3811064420
4090802983
1279486715
3261826831
3256060920
2650885616
4095698995
303816086
1694607340
473850092
866346322
3917202055
666586229
2230570071
3722193048
3949553400
1518016053
4035964061
3969817406
549445458
1961406013
441577670
1861737164
4059425567
1032105
3853743593
4040546670
1336856170
3215066169
74617885
3152557428
3098162499
320359767
4002394697
302936469
1454192609
3166894945
2735201542
4103986399
1024268708
2802836029
3802649810
2203196757
12800045
3634405395
3856420793
1197024182
1090476792
2990124881
106970478
3254146509
3537093545
1802325413
3259647205
3142933192
2896809708
936847650
561071396
4134371160
3964774157
4104473865
1498461942
3591723617
77592092
131410254
4135857392
3251099885
3534347012
604689202
3258275317
3262150694
3155936764
1447396410
3764602553
2758805471
2640902459
1460840947
1294097711
3258277751
993371725
3947563054
140621515
201580543
411005523
2477397922
560260944
1924350066
2743790782
453660471
994027509
1843274348
3256362591
2666531463
1580115536
4021403218
3959585365
1766714734
11906525
3955721365
3826236580
306465400
1412499547
2503332576
1691484462
507710612
2426542984
504863650
3250628745
3249714513
1810898671
385972600
3478767998
1753446212
4095052482
1880216667
6381880
866755374
1792970971
2205582969
3258599032
1956132300
93257402
3620939776
4007157914
461668129
3258750688
3402559181
2203256981
2388306895
435779164
4129506674
3258472995
4139710497
4088416725
3917938262
1123106871
4147374850
3867245887
4145758547
1732823179
4147385777
4147379811
1651236089
108748942
4113243415
4147731751
4147392614
3474785707
1285395747
2938656204
3725574497
4137550515
2610786260
82884325
3681188458
652178216
1104106062
1764262278
1376214248
4078772097
4147389935
3250764526
4143548228
1659600454
640813107
3961557963
2217835516
1892977640
1853193754
3257590553
964628005
3253993684
283430917
4119985325
4150504164
3249966376
3259731876
3259682805
3258942437
415049921
925409593
1328600823
2330733450
4147387714
783298790
4148147673
3259118403
3256604608
3253560312
1923972027
3250061910
2658563617
4147708133
3253282070
2894302232
3258517711
3259303518
2752328468
4128608725
3256337339
3253890322
3250277818
3480645305
3250158891
3262179718
3932372841
174888675
2436422066
4136730355
315757090
604763606
3259042338
3256976518
3446953288
907134730
4108963302
3094712262
1043890629
3989821284
4148129336
2762461718
3599879541
3920681195
120505691
415204643
3410073665
3259027024
4139998768
1920407741
768212919
12473562
3740353115
4150507507
3962882070
3592983771
3259687309
2248419606
4141211029
2696681312
3258985349
3639017613
4150508610
212373301
1646330624
427214154
1156449045
3772176287
2638793098
592269921
1940419411
2612683905
972539685
496135132
2550310743
663660824
2842627364
1267313381
184757205
1169450563
4098243018
2252725697
4162371010
3099411500
1761209175
4113781901
3258559878
38045664
129934246
1827711362
4061033154
3250259106
3822014549
132133285
2285267942
1754706278
3055062024
1417104256
3836906794
3618259780
1523990705
366843891
1624074566
726677522
4052253148
175327175
1687477116
2841981777
2269536801
2556534909
2038526823
298830240
3259535068
1893666362
3258486265
3788487292
4158987626
2776579307
1243660170
3250775059
314677204
491754664
3253346998
949770265
3253852458
3250387956
1627351475
3256816404
228318788
3245195636
3259128228
3258744351
3285935345
1701005153
4058266833
4109844279
272427280
1228393776
2938554935
531432225
3259391252
2034366205
1374732839
3750620404
3856250207
4096547605
3259486337
2549033496
417760674
783865459
2788447636
783329196
3253417373
2929077883
3916369504
34360773
966873943
773225485
344882888
3254604254
3012981928
576897661
3250740193
3930222482
256999619
3867220050
162572983
1602103832
781914767
3259078085
3254233090
3600128811
2670449766
3899646428
3938181704
61224261
946837736
1367504509
4114290267
795479468
"
1377958367
2515977481
3454488619
1578426306
120188401
201663976
783718751
4188261670
418779626
3947282731
94183219
3258725002
3250786631
70947273
2442015103
2243899299
2731837662
2394946573
3251658850
576512106
3896551127
208222579
2033110753
313668353
3441242107
3277684544
3898994170
3259296533
1347653152
3468809163
3696488483
2048716881
3900455099
4154003476
3145890391
2565334884
2523762105
4106505640
3064756056
1234180682
848726426
3256780879
2015455373
2521921166
3465740192
3457939578
2401048546
4057148698
1077794256
2033369177
773048763
1996313875
2342274749
3032393259
3257122401
2352185330
4015545795
3440283057
2422122778
1886154493
319293634
4128677054
1508795414
4017431394
3292389703
4164964985
1987193663
2775501876
1988251701
1577495671
1515604700
1122449650
186656595
3038181827
648379651
4129962345
12088266
1444244415
3949098679
2554700136
1716717131
2703503622
3034540123
2831688426
4054493902
4133382037
4148823455
4161271431
4035466422
4169222090
2511220874
4173044085
1227094305
3256744328
1333438795
4173816549
4008061826
2529459597
782489461
4129218481
3253777660
3377401714
3864357711
1927093476
1869666323
3735916390
3256302232
4150360056
3250346621
3111418797
1772847934
1143298977
387041522
3839543849
3251601427
3599266099
3589731853
334277164
3256627329
3256800128
3115120438
2025626783
102951481
1599751389
2229097882
2344738609
164091262
4155486331
4147812728
727722374
2756203682
3653872206
12266530
457212617
866566591
3262050369
341915685
4134137124
2812942497
2687573538
1615476210
3253622133
11972005
7608073
1965590672
3594427755
4157734773
3925144376
12655052
1602128738
3254054290
1602142013
3253657583
1610062792
1482031321
2353776627
1804655680
3235121294
2758495887
4149336244
4155479561
3178638354
3794111123
2987648201
1901012179
2653017339
3347088209
4172968589
248577187
456470747
3258569924
2792525014
4135593392
4133512193
1369667018
3249977226
3253762461
12153145
3607906907
3256806810
4138675469
931388375
3526295885
12355552
2006078753
3256610425
540123319
3259308478
2907773422
164451315
208811865
1176909346
2713043315
2480979111
1352468128
25804532
3047760865
1801271791
3731508643
3722189870
2409964610
3404520061
2883186280
610329062
3866982402
2705993803
1833119070
3909290816
2616979916
4156325372
2456837119
3259040539
2638189050
4144183096
1652194624
559683028
1593802530
343695783
2290925495
3263341161
2321770198
2716670151
2638292396
3589819976
117617616
1024401605
3968468096
2364128771
4098349144
1346521463
3087669000
12770472
1312077389
1516424420
340183177
1481393739
93890218
1337217065
2394969425
2328726052
351902344
650184487
380740978
4093952099
3459000180
782851104
3259293373
664905782
1648911621
493630638
3021525687
3565004130
3663660692
148248615
2920705176
790387566
4173009239
1618775018
4186996700
1138181789
3760751535
1036577819
3246108847
1597853206
403074846
3253744994
1785184498
2816998082
1770747026
3987879830
3253334919
420588659
3785676245
2514978053
1218357788
457500513
912449904
985590727
3946315671
4147367521
4147714638
3256406273
1230307975
4130274218
3255485377
3250167904
2598951696
932253795
359053363
329176664
1535875385
863396784
781167243
4037692251
378594323
3252231004
225592901
378402085
159409649
3699897065
4180789095
3919641648
725381445
3749678831
24102624
4154772605
2039362144
828508489
3172745798
1785060148
1962199392
3575058332
3018627241
612838737
2037269734
1662724917
3002108413
1250778565
4194128110
1578569746
3886649557
1947251835
348480935
2362655384
3253655314
3258629935
2044961390
3254107181
1176894470
1308204633
3780895569
1124728841
475442827
4089717023
1342108346
3671144747
3251591127
3251587201
112771339
4023094103
2851531873
1907335103
3367683322
3363581589
315112478
809616981
1494994046
2053318196
2929539618
870580846
867672706
1434665486
783286093
3256267669
3987206298
4015539616
3265471952
4108291138
3998604811
2316737275
3253598328
4172965594
3780047084
1276024208
3256580493
3250257386
537167702
692154621
2425684420
2501972592
1240139617
82801408
70510802
13942625
3535639456
3902818395
3164837364
3529683017
3161868590
2266382824
2935617650
2428055660
3536520433
3337355049
634195015
725261230
12167273
2410560868
4119344858
1837272761
572062585
3251499801
1726947129
4167244845
269411702
1351291728
2246632435
940616497
545832736
542189377
27444606
2854696689
1889783022
4167274911
1518073714
3625437560
1338767310
12120114
3570931251
1499667086
2223388335
4051281179
3254378238
36241286
4179997742
1953214895
3260774663
743966
3608406587
1655078637
1420014555
126437816
4174211093
3639070255
11968516
984172171
3233214559
479915561
3486837458
1068927258
1665585554
878509441
760908961
2462465658
2063166701
3584994183
2567872979
1538182099
2271511106
1198845660
1809309056
2615853579
4201586357
124124
4124124
gayass
gayass2
